48
48
48
48
48
48
48
48
48
48
48
8
8
8
8
8
8
8
8
4
4
4
4
0
0
0
0
4
4
8
8
8
8
8
8
8
8
8
8
8
8
8
8
8
8
8
8
8
8
4
4
4
12
12
12
12
12
8
8
8
8
8
8
8
8
8
8
8
8
8
8
8
8
8
8
4
4
4
4
4
4
4
4
4
4
4
12
12
12
12
12
12
4
8
16
16
16
16
16
16
12
8
8
8
8
12
12
4
4
4
48
48
48
48
48
48
48
48
48
48
48
48
48
48
48
48
48
48
48
48
48
4
4
4
4
4
4
4
4
4
4
4
0
0
0
8
8
8
8
8
8
8
16
16
16
16
16
16
8
16
16
12
12
12
8
8
24
24
24
12
31
31
31
31
31
31
31
48
48
48
48
48
48
48
48
48
48
48
48
48
48
48
48
48
48
48
48
48
48
48
48
48
48
48
48
48
48
48
48
48
48
48
48
48
48
48
48
48
48
48
48
48
48
48
48
48
48
48
48
48
48
48
48
48
48
48
48
48
48